Adrien Osakwe
142 205 397 219 276 440 203 358 405 386 374 381 525 444 520 236 88 475 458 320 428 76 115 97 505 257 246  8 302 310 44 216 345 448 462 336 215 84 240 314 466 341 367 125
Alouette Zhang
65 327 439 375 447 496 86 112 470 96 82 498 187 27 354 149 214 298 164 515 208 118 152 163 431 521 325 340 17 50 16  9 58 287 90 72 188 272 146 362 165 392 304 29
Benjamin Rudski
225 420 494 291 41  1 365 503 423 441 262 378 256 472 74 275 177 227 253 25 153 430 376 64 471 435 55 198 193 523 54 168 21 283 18 31 261 485 63 119 504 384 309 343
Dylan Mann-Krzisnik
223 245 285 121 141 308 497 278 38 174 274 492 12 513 351 224 415 182 20 406 294 394  4 293 342 432 526  5 60 70 456 35  7 213 250 335 527 40 13 416 162 247 507 222
Erica Kleinbrink
103 436 265 43 413 124 311 191 382 409 185 286 299 404 389 366 463 528 509 181 77 32 316 233 254 68 390 10 202 266 306 116 524  3 377 478 332 101 312 427 107 355 453 396
Jack Stanley
160 57 211 479 516 196 108 51 175 131 433 417 109 506 501 138 22 474 56 303 19 330 352 512 148 517 130 328 488 229  98 401 145 30 393 144 484 457 92 157 387 45 133 348
Lucas Philipp
502 75 235 297 408 95 455 134 400 28 47 324 135 290 300 231 123 46 226 277 232 450 151 171 61 263 210 333 510 201 73 346 519 465 493 460 24 243 491 244 49 414 438 80
Michelle Wang
403 442 260 34 326 126 26 426 241 104 361 197 452 313 113 252 514 329 468 117 268 489 356 192 383 159 62 111 66 120 344 183 482 357 209 288 79 464 127 218 282 322 379 315
Noah Wightman
279 238 52 398 93 467 280 204 129 353 469 419 461 156 221 189 114 296 110 318 347 486 11 180  2 94 178 402 476 295 424 338 370 132 228 339 363 429 292 102 349 490 195 508
Shayan Hajhashemi
 99 495 170 269 301 371 273 106 166 373 500 33 234 48 158 323 105 445 454 425 434 483 150 122 255 173 449 487 399 451147 317 259 186 518 207 407 199 258 364 212 422 369 23
Yumin Zheng
321 140 359 42 388 337 81 194 89 176 161 264 443 499 270 307 446 87 139 220 155 200 437 331 395 511 334 522 69 473 179 385 143 78 281 53 100 368 418 230 36 284 71 237
Tugce Gurbuz
 14 480 91 59 267 410 421 85 136 167  6 350 239 37 190 319 39 249 242 372 391 67 128 217 481 459 271 477 380 83 305 411 360 251 412 172 169 15 289 184 206 248 137 154
